192732
192731
192729
192727
192724
192709
192708
192707
192688
192548
192542
192535
192534
192533
192531
192510
192505
192499
192492
192471
192468
192461
192453
192447
192445
192417
192415
192349
192348
192347
192344
192264
192246
192244
192242
192205
192202
192201
192200
192199
192197
192194
192192
192190
192177
192174
192172
192171
192166
192141
192140
192136
192128
192120
192119
192117
192075
192073
192072
192067
192004
192003
191996
191751
191745
191719
191718
191717
191715
191714
191709
191599
191593
191592
191585
191578
191576
191554
191551
191549
191539
191527
191521
191485
191451
191450
191448
191447
191443
191388
191383
191380
191376
191344
191343
191340
191337
191329
191309
191307
191275
191248
191247
191245
191244
191242
191234
191232
191231
191230
191229
191227
191224
191222
191217
191163
191159
191129
191121
191114
191110
191105
191079
191032
191022
190984
190983
190981
190979
190974
190970
190969
190968
190960
190904
190903
190898
190895
190894
190879
190870
190866
190864
190848
190844
190714
190712
190685
190683
190585
190581
190578
190561
190541
190540
190535
190521
190517
190495
190493
190453
190451
190449
190445
190425
190424
190422
190421
190419
190418
190417
190416
190414
190413
190407
190393
190392
190390
190389
190388
190386
190380
190379
190374
190342
190341
190340
190338
190337
190336
190330
190325
190324
190307
190304
190303
190302
190301
190299
190296
190244
190242
190240
190239
190237
190235
190216
190215
190214
190212
190210
190209
190206
190150
190147
190142
190141
190138
190136
190119
190118
190117
190116
190115
190113
190112
190057
190055
190050
189737
189736
189735
189734
189729
189728
189725
189699
189698
189697
189696
189694
189693
189687
189685
189659
189658
189656
189654
189650
189648
189647
189642
189641
189623
189621
189616
189612
189611
189610
189608
189607
189605
189603
189601
189596
189578
189577
189576
189573
