270549
270565
270578
270581
270598
270601
270661
270663
270665
270667
270762
270766
270767
270770
270772
270775
270822
270824
270827
270828
270830
270854
270855
270856
270861
270865
270882
270883
270931
270935
270937
271005
271008
271009
271015
271021
271026
271028
271288
271289
271369
271377
271378
271381
271382
271384
271419
271444
271448
271449
271451
271743
271768
271774
271777
271868
271870
271871
271873
271874
271878
271879
271880
271886
271912
271916
271921
271925
271946
271953
271955
271962
271969
271970
272018
272020
272036
272038
272039
272040
272041
272042
272075
272076
272100
272101
272123
272151
272152
272153
272154
272155
272156
272194
272335
272359
272360
272394
272400
272411
272413
272414
272461
272462
272463
272466
272468
272469
272521
272574
272575
272577
272585
272607
272608
272619
272620
272691
272692
272747
272749
272760
272762
272782
272783
272784
272828
272829
272833
272834
272835
272836
272870
272871
272873
272880
272903
272905
272932
272933
272934
272935
272939
272947
272949
272976
272983
272985
273009
273010
273077
273099
273100
273101
273103
273591
273592
273593
273653
273654
273687
273689
273690
273695
273709
273711
273719
273824
273825
273885
273886
273887
273889
273918
273942
273946
273985
273986
274057
274058
274063
274064
274092
274094
274125
274147
274148
274174
274212
274232
274259
274263
274264
274266
274268
274269
274270
274271
274276
274278
274280
274281
274283
274329
274355
274357
274360
274363
274364
274385
274387
274390
274442
274593
274594
274595
274596
274601
274653
274657
274668
274669
274671
274708
274736
274743
274801
274802
274803
274806
274807
274811
274815
274817
274822
274882
274883
274884
274886
274892
274978
274979
275067
275068
275070
275073
275075
275076
275149
275150
275151
275173
275174
275175
275177
275184
275188
275245
275246
275247
275283
275324
275328
275332
275333
275357
275360
275361
275369
275372
275394
275395
275401
275404
275406
275443
275448
275452
275453
275456
275457
275459
275467
275471
275472
275473
275515
275558
275559
275612
275613
275614
275615
275616
275617
275621
275622
275624
275647
275648
275650
275657
275661
275664
275847
275924
275925
275979
275986
276012
276040
276041
276045
276098
276099
276102
276104
276105
276108
276140
276141
276145
276166
276169
276170
276177
276178
276205
276230
276257
276259
276290
276291
276292
276294
276297
276302
276307
276312
276348
276351
276429
276432
276434
276435
276437
276438
276439
276461
276462
276500
276506
276507
276508
276551
276552
276553
276556
276557
276608
276643
276644
276669
276670
276671
276672
276674
276675
276762
276916
276917
276920
276969
276970
276971
276972
277015
277016
277017
277037
277073
277076
277079
277082
277087
277088
277091
277117
277121
277155
277180
277181
277182
277183
277184
277188
277189
277193
277194
277196
277197
277250
277256
277262
277293
277310
277312
277314
277360
277383
277384
277386
277389
277417
277418
277470
277472
277473
277476
277478
277479
277530
277531
277536
277537
277574
277575
277576
277577
277718
277720
277721
277722
277725
277746
277747
277748
277749
277794
277795
277799
277800
277801
277834
277836
277841
277842
277847
277848
277870
277876
277897
277898
277899
277900
277901
277903
277904
277907
277930
277952
277987
277988
277989
277991
277996
278055
278077
278079
278080
278082
278091
278092
278093
278094
278095
278121
278122
278123
278126
278127
278130
278163
278164
278165
278166
278167
278189
278191
278215
278216
278914
278915
278936
278939
278941
278959
278963
278964
278999
279005
279007
279008
279036
279037
279038
279041
279043
279044
279068
279073
279074
279075
279106
279117
279122
279123
279125
279130
279155
279157
279199
279201
279207
279208
279234
279235
279238
279242
279264
279265
279267
279268
279270
279273
279274
279309
279310
279312
279342
279344
279348
279349
279354
279355
279391
279410
279435
279439
279441
279483
279487
279488
279559
279560
279561
279562
279563
279564
279565
279583
279597
279598
279600
279602
279641
279642
279676
279677
279679
279682
279683
279684
279688
279689
279715
279718
279719
279747
279749
279773
279826
279827
279830
279853
279854
279855
279879
279880
279884
279886
279890
279893
279952
279954
279955
279956
279957
279958
279963
279965
279971
279979
279980
279981
279982
279984
280049
280051
280052
280066
280108
280111
280114
280118
280126
280131
280134
280135
280140
280282
280283
280284
280285
280286
280290
280310
280312
280348
280349
280350
280351
280352
280374
280375
280403
280405
280406
280412
280413
280415
280418
280419
280443
280445
280446
280447
280448
280476
280477
280490
280499
280518
280519
280546
280547
280550
280551
280574
280576
280581
280583
280613
280634
280637
280639
280645
280647
280648
280650
280671
280676
280679
280681
280705
280706
280753
280754
280755
280756
280761
280763
280764
280765
280766
280767
280768
280786
280792
280793
280842
280844
280845
280847
280848
280856
280880
280881
280890
280897
280936
280940
280943
280947
280990
280994
280996
280997
280998
281032
281033
281035
281036
281060
281061
281062
281079
281080
281081
281179
281180
281181
281186
281187
281188
281190
281191
281212
281213
281240
281241
281242
281243
281244
281271
281275
281277
281301
281321
281350
281415
281441
281444
281446
281449
281450
281475
281477
281509
281511
281557
281562
281563
281568
281569
281574
281580
281581
281583
281592
281633
281634
281635
281637
281640
281642
281645
281651
281654
281655
281658
281664
281667
281672
281705
281706
281707
281709
281713
281738
281741
281750
281751
281753
281754
281755
281892
281893
281894
281915
281916
281918
281928
281931
281939
281940
281946
281953
281956
282504
282528
282544
282545
282546
282573
282575
282579
282580
282606
282607
282608
282609
282615
282618
282620
282622
282629
282651
282653
282666
282667
282668
282670
282671
282673
282676
282677
282700
282702
282703
282704
