237877
237873
237872
237847
237846
237845
237844
237843
237842
237806
237805
237797
237796
237795
237794
237793
237792
237791
237790
237789
237788
237787
237782
237781
237780
237779
237778
237777
237773
237768
237766
237765
237730
237713
237712
237711
237710
237709
237708
237707
237706
237705
237704
237703
237701
237700
237699
237698
237691
237686
237684
237681
237678
237676
237675
237673
237671
237670
237646
237645
237622
237621
237620
237619
237617
237608
237533
237516
237515
237514
237513
237512
237511
237507
237506
237505
237504
237503
237502
237491
237490
237484
237473
237465
237464
237463
237409
237408
237406
237403
237401
237400
237397
237396
237394
237393
237392
237391
237388
237372
237370
237368
237366
237365
237364
237362
237360
237358
237356
237355
237351
237350
237346
237344
237342
237340
237339
237336
237335
237334
237330
237291
237289
237288
237287
237286
237259
237257
237255
237253
237251
237246
237245
237244
237180
237179
237178
237174
237119
237115
237112
237111
237109
237106
237104
237062
237061
237060
237057
237056
237051
237050
237049
237030
237029
237015
237011
237003
237001
236973
236972
236970
236969
236968
236967
236965
236893
236892
236866
236863
236862
236861
236860
236858
236855
236850
236849
236848
236835
236826
236824
236823
236822
236821
236820
236819
236818
236816
236815
236814
236813
236639
236635
236580
236579
236577
236575
236569
236566
236565
236564
236563
236562
236560
236559
236558
236557
236556
236555
236554
236547
236541
236466
236462
236459
236456
236454
236453
236447
236446
236445
236444
236443
236442
236441
236420
236407
236406
236405
236397
236395
236394
236393
236391
236389
236386
236360
236359
236358
236357
236356
236355
236354
236353
236352
236350
236349
236348
236337
236334
236332
236331
236285
236284
236282
236281
236248
236246
236245
236244
236243
236242
236241
236240
236238
236234
236233
236232
236227
236225
236222
236204
236203
236164
236163
236162
236161
236159
236158
236156
236153
236151
236150
236149
236147
236141
236138
236137
236062
235899
235898
235897
235896
235895
235894
235893
235892
235891
235890
235889
235888
235887
235886
235841
235840
235839
235838
235826
235824
235813
235812
235811
235759
235721
235716
235714
235713
235710
235709
235708
235707
235694
235693
235687
235685
235684
235683
235665
235657
235650
235645
235630
235629
235626
235625
235624
235623
235613
235584
235583
235582
235574
235573
235554
235553
235552
235551
235550
235547
235462
235459
235457
235454
235453
235450
235443
235436
235435
235432
235423
235387
235386
235385
235384
235383
235381
235380
235378
235372
235371
235366
235364
235362
235361
235359
235357
235356
235347
235346
235345
235344
235343
235289
235287
235283
235282
235281
235274
235245
235244
235242
235233
235230
235229
235228
235227
235226
235225
235204
235203
235201
235198
235196
235186
235135
235132
235131
235130
235083
235079
235074
235058
234612
234062
234061
234057
234056
234050
234049
234048
234045
234043
234040
234039
234031
234027
233997
233978
233977
233976
233975
233974
233973
233972
233971
233970
233969
233968
233912
233910
233859
233858
233840
233839
233838
233837
233836
233835
233834
233833
233832
233831
233830
233828
233818
233814
233812
233801
233799
233782
233753
233750
233743
233721
233720
233719
233718
233716
233715
233714
233713
233708
233707
233702
233700
233698
233697
233696
233695
233694
233693
233692
233688
233686
233685
233683
233680
233678
233677
233675
233628
233627
233625
233623
233622
233621
233620
233619
233617
233616
233615
233614
233613
233611
233610
233587
233586
233585
233580
233576
233575
233574
233573
233572
233571
233565
233564
233563
233562
233561
233557
233555
233554
233529
233528
233477
233475
233474
233473
233472
233469
233468
233466
233465
233464
233463
233462
233461
233459
233456
233454
233450
233448
233386
233385
233367
233365
233362
233361
233356
233242
233240
233239
233237
233234
233233
233232
233228
233223
233222
233219
233218
233217
233173
233172
233171
233170
233169
233146
233145
233144
233120
233119
233118
233116
233100
233099
233097
233096
233093
233091
233090
233067
233065
233064
233063
233061
233060
233059
233058
233057
233029
233025
233024
233020
233019
232997
232996
232995
232994
232993
232992
232991
232989
232986
232985
232984
232982
232977
232974
232973
232916
232914
232913
232912
232896
232894
232881
232880
232776
232773
232771
232645
232644
232643
232642
232641
232639
232637
232635
232540
232465
231846
231837
231832
231826
231568
231567
231548
231323
231322
231321
231320
231319
231317
231316
231315
231292
231291
231290
231288
231210
231196
231192
231189
231188
231120
231113
231100
231097
231074
231054
230989
230985
230978
230962
230953
230948
230934
230921
230918
230702
230701
230700
230699
230697
230695
230694
230689
230685
230683
230680
230678
230677
230636
230635
230634
230632
230533
230468
230467
230465
230458
230457
230456
230455
230454
230452
230451
230445
230434
230419
230417
230331
230323
230322
230305
230301
230300
230299
230295
230294
230293
230292
230291
230272
230252
230243
230240
230203
230201
230199
230196
230192
230184
230175
230174
230171
230164
230163
230160
230158
230155
230152
230150
230148
230144
230143
230141
230099
230098
230097
229942
229941
229940
229918
229915
229899
229898
229894
229892
229889
229888
229887
229883
229879
229857
229854
229853
229851
229690
229675
229660
229609
229596
229545
229532
229522
229519
229483
229462
229452
229434
229433
229431
229429
229425
229423
229420
229419
# 29416 # no /GRP/CTP/Config
229410
229409
229408
229405
229404
229403
229402
229399
229398
229396
229391
229389
229387
229386
229383
229382
229380
229379
229377
229376
229374
229371
229369
229362
229360
229357
229356
229355
229351
229302
229297
229292
229289
229260
229259
229246
229245
229243
229241
229101
229100
228979
228978
228977
228974
228948
228947
228944
228943
228942
228939
228936
228935
228930
228855
228803
228802
228801
228800
228799
228798
228794
228793
228791
228790
228789
228788
228781
228777
228771
228767
228757
228756
228404
228391
228385
228370
228360
228356
228350
228341
228340
227891
227838
227836
227834
227828
227821
227809
227790
227764
227759
227750
227722
227720
227719
227718
227706
227705
227703
227702
227694
227678
227662
227648
227646
227640
227618
227610
227608
227607
227606
227603
227601
227599
227595
227582
227580
227579
227578
227577
227574
227567
227551
227545
227527
227521
227516
227512
227511
227477
227437
227436
227435
227432
227431
227430
227428
227425
227403
227399
227397
227393
227390
227386
227062
227061
227055
227054
227053
226606
226605
226603
226602
226601
226600
226599
226598
226597
226596
226595
226594
226593
226592
226591
226573
226572
226570
226569
226567
226566
226565
226564
226563
226562
226561
226560
226559
226558
226557
226556
226555
226554
226553
226552
226551
226550
226548
226547
226546
226545
226544
226543
226539
226535
226533
226532
226530
226500
226499
226496
226495
226494
226492
226491
226490
226489
226488
226487
226486
226485
226484
226483
226482
226481
226478
226476
226474
226472
226470
226469
226468
226467
226466
226452
226451
226449
226445
226444
226443
226440
226368
226366
226365
226360
226349
226344
226301
226296
226287
226281
226242
226234
226225
226224
226223
226220
226219
226218
226217
226216
226215
226214
226213
226212
226211
226210
226208
226183
226181
226180
226177
226176
226175
226174
226170
226168
226167
226166
226115
226114
226113
226111
226085
226062
225954
225917
225916
225912
225811
225808
225807
225799
225798
225768
225767
225766
225763
225762
225757
225753
225751
225719
225717
225716
225710
225709
225708
225707
225705
225702
225663
225652
225651
225611
225610
225609
225607
225603
225589
225587
225586
225582
225581
225580
225579
225578
225577
225576
225575
225574
225572
225571
225322
225315
225314
225313
225310
225309
225307
225305
225303
225302
225301
225216
225212
225210
225196
225190
225189
225170
225168
225154
225147
225145
225144
225143
225142
225141
225139
225138
225125
225124
225123
225122
225106
225105
225104
225101
225099
225098
225097
225096
225095
225093
225091
225087
225069
225064
225063
225062
225056
225055
225053
225052
225051
225050
225049
225048
225047
225046
225045
225044
225043
225042
225041
225040
225039
225038
225037
225036
225035
225032
225031
225026
225025
225024
225023
225022
225021
225020
225016
225011
225010
225009
225000
224999
224998
224997
224996
224995
224994
224991
224990
224988
224931
224930
224929
224915
224898
224897
224896
224895
224894
224893
224891
224890
224775
224773
224772
224771
224768
224764
224752
224751
224750
224749
224730
224696
224536
224513
224331
224310
224293
224290
224289
224288
224287
224286
224285
224284
224283
224282
224281
224280
224278
224277
224276
224275
224273
224272
224271
224270
224269
224265
224264
224263
224259
224252
224248
224245
224243
224214
224213
224212
224211
224210
224209
224208
224207
224206
224202
224186
224180
224160
224001
224000
223998
223995
223992
223991
223990
223988
223987
223986
223985
223984
223971
223960
223950
223942
223935
223933
223609
223605
223598
223559
223521
223511
223510
223506
223501
223495
223487
223486
223485
223484
223479
223478
223477
223476
223475
223474
223473
223472
223471
223470
223466
223465
223464
223462
223461
223427
223378
223338
223336
223330
223329
223328
223327
223325
223323
223322
223321
223313
223311
223304
223298
223280
223279
223278
223277
223276
223275
223273
223270
223269
223268
223234
223231
223227
223195
223194
223189
223180
223022
222973
222970
222969
222966
222802
222791
222780
222650
222649
222637
222630
222625
222617
222616
222614
222613
222608
222602
222601
222597
222591
222491
222479
222476
222475
222474
222470
222467
222445
222391
222389
222388
222326
222242
222241
222236
222222
222088
222085
222083
222081
222079
222075
222073
222069
222068
222066
222064
222062
222060
222056
222053
222051
222049
222046
222043
222040
222038
222035
222034
222033
222031
222025
221977
221975
221963
221955
221953
221952
221936
221935
221933
221930
221927
221925
221924
221896
221892
221889
221888
221862
221861
221860
221857
221855
221853
221851
221843
221841
221838
221835
221829
221819
221814
221800
221712
221711
221709
221702
221648
221647
221646
221602
221600
221595
221594
221593
221592
221590
221589
221587
221586
221585
221584
221583
221582
221581
221554
221549
221535
221534
221520
221519
221518
221517
221513
221511
221507
221504
221503
221502
221501
221499
221498
221497
221492
221473
221472
221468
221467
221391
221386
221385
221384
221383
221305
221298
221127
221110
221087
221080
221057
220915
220912
220910
220886
220856
220810
220809
220807
220805
220799
220754
220751
220748
220595
220583
220515
220511
220507
220506
220505
220503
220472
220471
220460
220280
220258
220223
220222
220208
220206
220200
220188
220181
220167
220160
220159
220141
220139
220061
219915
219914
219913
219908
219907
219900
219891
219890
219889
219888
219887
219883
219882
219880
219879
219865
219864
219863
219862
219861
219860
219859
219858
219851
219847
219839
219837
219836
219834
219808
219805
219802
219799
219795
219794
219793
219792
219737
219734
219711
219708
219705
219702
219701
219700
219697
219696
219693
219690
219689
219688
219684
219683
219682
219681
219679
219667
219643
219642
219641
219635
219634
219628
219604
219601
219599
219587
219585
219583
219581
219579
219573
219536
219501
219499
219496
219495
219491
219476
219473
219467
219464
219462
219458
219452
219415
219412
219397
219348
219342
219330
219322
219319
219315
219313
219308
219306
219067
219048
219017
218966
218956
218954
218953
218952
218942
218926
218914
218893
218878
218805
218792
218791
218790
218786
218785
218691
218689
218667
218664
218650
218647
218644
218638
218631
218629
218623
218622
218621
218587
218586
218585
218577
218571
218565
218563
218545
218539
218537
218525
218511
218509
218508
218504
218499
218473
218472
218470
218466
218465
218464
218454
218453
218452
218447
218406
218391
218368
218365
218362
218352
218341
218324
218312
218289
218260
218259
218241
218232
218222
218200
218189
218179
218177
218159
218157
218146
218126
218108
218094
218066
218045
218044
218041
217963
217960
217920
217892
217861
217777
217753
217743
217741
217687
217686
217666
217650
217648
217647
217635
217632
217614
217613
217612
217598
217597
217583
217582
217581
217578
217564
217545
217484
217472
217459
217423
217422
217414
217411
217409
217389
217380
217367
217311
217261
217242
217241
217219
217211
217192
217167
217162
217145
217144
217134
217132
217119
217117
217112
217103
217086
217033
217024
217000
216998
216993
216986
216980
216978
216969
216967
216922
216912
216911
216865
216857
216856
216855
216852
216849
216839
216833
216817
216812
216687
216685
216672
216669
216623
216611
216609
216584
216572
216563
216553
216544
216532
216512
216506
216495
216481
216478
216464
216453
216451
216443
216420
216398
216391
216323
216311
216293
216289
216287
216150
216149
216144
216142
216141
216139
216138
216129
216124
216120
216078
216059
216051
216050
216032
215998
215982
215981
215980
215968
215967
215800
215796
215795
215763
215759
215747
215741
215737
215728
215727
215724
215722
215720
215704
215673
215672
215671
215639
215634
215633
215620
215614
215613
215612
215598
215582
215581
215580
215454
215453
215451
215450
215449
215448
215447
215446
215372
215371
215361
215360
215353
215326
215313
215312
215311
215268
215264
215223
215221
215219
215218
215206
215188
215185
215171
215160
215151
215150
215149
215146
215140
215138
215135
215134
215126
215122
215121
215119
215113
215101
215095
215087
215011
214990
214984
214964
214963
214958
214953
214945
214942
214938
214933
214914
214909
214893
214862
214856
214828
214791
214785
214777
214773
214767
214765
214764
214730
214695
214692
214689
214664
214658
214653
214651
214626
214624
214621
214618
214614
214612
214599
214594
214584
214569
214551
214536
214517
214516
214515
214503
214493
214491
214476
214474
214473
214472
214471
214465
214463
214461
214452
214450
214449
214448
214447
214446
214382
214349
214347
214301
214295
214291
214286
214279
214271
214259
214233
214230
214224
214126
214102
214001
213952
213951
213947
213930
213929
213759
213748
213644
213637
213600
213544
213537
213511
213485
213484
213482
213481
213479
213442
213329
213272
213265
213263
213261
213257
213211
213210
213192
213165
213141
213132
213130
213084
213042
212985
212983
212859
212858
212795
212757
212755
212753
212750
212748
212745
212638
212636
212538
212456
212455
212441
212408
212397
212391
212387
212386
212383
212371
212367
212363
212361
212358
212350
212344
212343
212338
212312
212303
212274
212251
212245
212220
212215
212214
212206
212204
212198
212181
212180
212174
212173
212171
212158
212064
212060
211922
211920
211914
211817
211815
211811
211750
211621
211601
211546
211543
211536
211531
211521
211515
211509
211507
211499
211497
211496
211478
211475
211468
211460
211453
211451
211441
211437
211435
211433
211430
211428
211426
211425
211416
211413
211411
211408
211404
211383
211358
211346
211271
211264
211248
211238
211231
211158
211145
211121
211106
211104
211099
211068
211037
211026
211023
211021
211009
211005
210986
210983
210974
210934
210918
210917
210890
210870
210864
210840
210837
210797
210780
210760
210747
210736
210735
210695
210660
210646
210636
210624
210616
210608
210543
210540
210515
210514
210513
210504
210503
210502
210501
210500
210496
210319
210305
210231
210227
210206
210186
210119
210109
210107
210106
210001
210000
209999
209993
209990
209985
209973
209966
209956
209930
209914
209894
209820
209811
209800
209797
209795
209778
209772
209766
209764
209615
209604
209581
209471
209422
209414
209383
209380
209319
209279
209276
209255
209239
209185
209178
209173
209166
209162
209158
209154
209148
209142
209134
209126
209122
209108
209107
209106
209089
209086
209084
209063
209022
209008
208999
208973
208971
208935
208906
208898
208881
208876
208809
208795
208788
