170593
170572
170556
170552
170546
170390
170389
170388
170387
170374
170373
170315
170313
170312
170311
170309
170308
170306
170270
170269
170268
170267
170264
170230
170228
170226
170208
170207
170206
170205
170204
170203
170195
170193
170163
170162
170161
170159
170155
170152
170091
170089
170088
170085
170084
170083
170081
170040
170038
170036
170027
169981
169978
169975
169969
169965
169961
169960
169956
169954
169926
169924
169923
169922
169920
169919
169918
169914
169911
169910
169909
169908
169906
169859
169858
169855
169846
169838
169837
169835
169834
169832
169820
169789
169775
169774
169772
169768
169766
169763
169762
169761
169760
169756
169752
169751
169750
169749
169739
169729
169728
169727
169726
169724
169723
169715
169713
169711
169710
169709
169708
169707
169683
169681
169680
169643
169628
169622
169619
169615
169614
169591
169590
169588
169587
169586
169584
169557
169555
169554
169553
169550
169515
169512
169506
169504
169498
169475
169420
169419
169418
169417
169415
169411
169383
169382
169377
169375
169238
169236
169167
169160
169156
169148
169145
169144
169143
169138
169099
169096
169094
169091
169045
169044
169040
169035
168992
168991
168989
168988
168984
168826
168777
168644
168514
168512
168511
168467
168464
168461
168460
168458
168362
168361
168356
168352
168342
168341
168325
168322
168318
168315
168312
168311
168310
168213
168212
168208
168207
168206
168205
168204
168203
168202
168201
168181
168179
168177
168176
168175
168173
168172
168171
168115
168108
168107
168105
168104
168103
168102
168076
168069
168068
168066
168065
168062
168058
167988
167987
167986
167985
167982
167979
167921
167920
167915
167909
167903
167902
167901
167846
167844
167842
167841
167840
167839
167838
167818
167814
167813
167812
167811
167809
167808
167807
167806
167713
167712
167711
167706
167693
167641
167632
167394
167392
166532
166530
166529
166477
166391
166389
165746
165745
165744
165743
165742
165741
165740
165738
165737
165735
165734
165702
165701
165700
165699
165467
165466
165465
165444
165438
165430
165429
165426
165424
165421
165419
165418
165413
165309
165179
165178
165177
165139
165137
165136
165133
165114
165090
164866
164865
164864
164863
164861
164859
164848
164847
164846
164845
164787
164786
164785
164762
164759
164758
164757
164756
164750
164748
164745
164744
164743
164742
164741
164739
164734
164729
164728
164727
164726
164725
164724
164723
164693
164604
164603
164601
164599
164598
164596
164595
164594
164593
164591
164567
164538
164519
164517
164515
164512
164476
164475
164462
164461
164300
164224
164223
164222
164221
164220
164218
164216
164212
164148
164144
164143
164108
164107
164106
164105
164104
164103
164101
164100
164096
164092
164090
164089
164086
164082
164081
164080
164078
164077
164076
164074
164073
164072
164071
164070
164031
164010
163986
163959
163958
163957
163949
163948
163911
163910
163908
163794
163793
163792
163791
163790
163717
163711
163704
163700
163693
163692
163690
163687
163686
163680
163678
163677
163676
163674
163672
163671
163670
163668
163667
163666
163661
163658
163568
163556
163554
163553
163550
163536
163534
163533
163532
163531
163530
163527
163509
163507
163506
163505
163502
163500
163499
163498
163483
163387
163386
163270
163268
163267
163266
163265
163263
163250
163210
163208
163207
163199
163153
163152
163151
163149
163148
163146
163142
163141
163139
163136
163133
163132
163124
163121
163120
163119
163118
163117
163116
163115
163114
163113
163112
163111
163110
163109
163107
163101
163100
163096
163073
163071
162936
162934
162933
162845
162840
162839
162740
162737
162735
162731
162730
162729
162728
162727
162724
162723
162719
162718
162717
162715
162714
162713
162712
162711
162644
162643
162642
162640
162638
162636
162635
162633
162632
162630
162629
162628
162627
162626
162625
162550
162549
162548
162547
162546
162545
162540
162538
162504
162500
162497
162494
162493
162492
162491
162490
162489
162488
162487
162463
162458
162457
162454
162451
162450
162448
162415
162410
162340
162339
162338
162335
162331
162330
162329
162328
162327
162326
162321
162317
162316
162315
162313
162312
162310
162309
162181
162180
162179
162178
162052
162051
162044
162042
161937
161865
161864
161827
161826
161825
161822
161821
161814
161813
161812
161811
161810
161789
161788
161756
161750
161724
161723
161722
161721
161704
161688
161686
161685
161665
161664
161634
161633
161631
161630
161625
161612
161611
161610
161609
161586
161585
161584
161583
161581
161580
161579
161577
161573
161559
161556
161525
161521
161520
161500
161494
161489
161488
161487
161486
161467
161457
161387
161382
161381
161379
161373
161345
161344
161343
161342
161340
161337
161334
161332
161330
161329
161324
161323
161316
161304
161297
161296
161257
161256
161162
161161
161148
161147
161146
161145
161144
161143
161139
161137
161135
161133
161130
161129
161128
161127
161126
161089
161088
161085
161002
160999
160998
160997
160995
160991
160990
160989
160987
160936
160935
160934
160855
160851
160813
160812
160811
160775
160769
160767
160764
160761
160757
160731
160730
160728
160727
160726
160724
160723
160722
160687
160683
160680
160679
160677
160676
160609
160608
160585
160007
160003
159975
159973
159971
159964
159963
159635
159634
159606
159605
159603
159602
159601
159599
159598
159597
159596
159595
159593
159592
159586
159585
159584
159582
159581
159580
159579
159577
159575
159571
159542
159539
159538
159536
159535
159532
159521
159517
159505
159503
159502
159501
159500
159499
159466
159451
159450
159449
159445
159444
159443
159441
159438
159436
159435
159379
159378
159356
159355
159319
159318
159317
159287
159286
159285
159260
159259
159258
159257
159256
159255
159254
159223
159222
159221
159220
159218
159217
159216
159215
159214
159212
159207
159206
159205
159204
159201
159200
159199
159194
159193
159192
159191
159186
159185
159177
159176
159173
159169
159168
159167
159162
159156
159154
159150
159147
159146
159145
159128
159122
159121
159120
159117
159090
159085
159076
159044
159042
159040
159028
159007
158879
158878
158877
158876
158875
158868
158856
158852
158851
158850
158848
158844
158843
158794
158793
158792
158791
158790
158788
158784
158782
158781
158780
158779
158777
158776
158745
158729
158722
158718
158717
158714
158713
158706
158673
158626
158622
158617
158615
158613
158611
158608
158606
158604
158602
158598
158592
158533
158531
158528
158526
158522
158521
158520
158518
158516
158511
158509
158508
158496
158495
158492
158491
158471
158469
158468
158467
158466
158464
158463
158341
158340
158338
158304
158303
158301
158299
158293
158288
158287
158285
158283
158271
158263
158258
158252
158250
158248
158245
158201
158200
158196
158194
158192
158191
158189
158188
158185
158184
158182
158180
158179
158177
158176
158175
158174
158173
158171
158139
158137
158136
158135
158132
158124
158120
158119
158118
158116
158115
158114
158112
158111
158110
158086
158084
158081
158054
158053
158052
158051
158050
158049
158048
158042
158041
158037
158036
158031
158030
158026
158025
158020
158019
158014
158013
158011
158009
158003
158002
158001
158000
157976
157975
157857
157856
157852
157851
157850
157848
157819
157818
157770
157766
157765
157734
157713
157712
157710
157708
157707
157705
157703
157698
157695
157645
157642
157641
157639
157612
157569
157567
157566
157564
157562
157561
157560
157496
157476
157475
157277
157275
157273
157272
157268
157266
157262
157261
157260
157257
157227
157220
157214
157212
157211
157210
157209
157203
157100
157098
157097
157096
157094
157092
157091
157090
157087
157083
157082
157079
157078
157028
157027
157026
157025
157003
156972
156969
156968
156967
156965
156896
156895
156894
156893
156892
156891
156889
156888
156860
156859
156858
156833
156831
156829
156828
156803
156802
156801
156797
156794
156629
156626
156625
156623
156622
156621
156620
156481
156480
156479
156477
155384
155382
155378
155376
155375
155373
155371
155370
155368
155367
155365
155364
155348
155347
155346
155345
155344
155337
155336
155333
155332
155331
155325
155320
155314
155308
155305
155304
155302
155301
155300
155278
155277
155276
155251
155241
155239
155237
155236
155235
155220
155219
155218
155179
155174
155170
155167
155166
155165
155164
155163
155162
155135
155123
155119
155118
154930
154929
154908
154903
154854
154846
154808
154796
154793
154789
154787
154786
154783
154780
154773
154770
154763
154756
154755
154753
154750
154748
154747
154746
154745
154742
154741
154733
154732
154731
154729
154728
154726
154725
154724
154643
154639
154636
154634
154629
154602
154601
154600
154599
154598
154597
154596
154594
154591
154583
154570
154495
154485
154484
154483
154482
154480
154478
154450
154448
154385
154383
154382
154317
154316
154315
154313
154296
154295
154293
154292
154289
154287
154286
154283
154281
154273
154270
154269
154268
154266
154265
154264
154261
154257
154255
154253
154252
154249
154235
154234
154222
154221
154220
154219
154218
154217
154211
154210
154207
154188
154163
154158
154157
154156
154151
154149
154146
154145
154143
154141
154140
154138
154136
154132
154131
154130
154129
154126
154125
154091
154083
154081
154070
154069
154066
154060
154056
154055
154052
154039
154036
154031
154030
154029
154026
154025
154024
154018
154017
154015
154014
154002
154001
153997
153954
153946
153944
153939
153938
153935
153929
153924
153916
153911
153909
153906
153905
153882
153881
153876
153875
153873
153812
153810
153808
153807
153805
153803
153801
153798
153796
153795
153794
153786
153784
# 153781 # no GRP/CTP/Config
153779
# 153778 # no GRP/CTP/Config
153777
153776
153738
153737
153733
153731
153729
153728
153727
153726
153725
153724
153722
153721
153718
153717
153715
153709
153707
153702
153690
153632
153599
153598
153594
153591
153590
153589
153588
153587
153583
153581
153580
153579
153578
153571
153570
153566
153560
153558
153557
153552
153548
153544
153542
153541
153539
153536
153533
153532
# 153513 # no GRP/CTP/Config
153465
153464
153463
153415
153413
153373
153371
153369
153363
153362
153361
153360
153296
153237
153235
153234
153232
153228
153227
153223
153222
153221
153220
153219
153218
153215
153127
153121
153120
153118
153117
153116
153115
153059
153057
153056
152935
152934
152933
152907
152906
152823
152822
152821
152820
152819
152818
152817
152816
152815
152780
152773
152772
152751
152750
152718
152717
152716
152715
152713
152709
152708
152702
152701
152698
152697
152696
152695
152658
152655
152654
152653
152599
152597
152591
152589
152588
152582
152581
152574
152572
152571
152570
152569
152568
152567
152513
152512
152488
152455
152377
152371
152369
152368
152367
152366
152334
152332
152323
152322
152321
152320
152319
152318
152314
152313
152312
152311
152310
152309
152307
152306
152304
152285
152284
152257
152256
152214
152209
152208
152207
152206
152147
152146
152143
152138
152137
152136
152091
152090
152089
152087
152086
152083
152082
152081
152079
152078
152077
152046
152015
152011
152008
152007
152005
152003
152002
151852
151851
151850
151849
151810
151809
151752
151751
151732
151724
151689
151686
151684
151683
151681
151680
151678
151674
151672
151671
151669
151666
151665
151664
151661
151660
151655
151654
151638
151636
151595
151591
151590
151589
151586
151584
151583
151582
151580
151578
151574
151572
151571
151566
151565
151562
151561
151558
151557
151553
151536
150717
150705
150702
150700
150687
150685
150684
150683
150682
150680
150679
150675
150667
150662
150661
150629
150598
150592
150590
150589
150587
150586
150582
150518
150517
150515
150500
150499
150440
150438
150437
150434
150433
150428
150427
150423
150421
150420
150375
150374
150259
150256
150254
150252
150250
150248
150247
150212
150211
150210
150209
150163
150162
150160
150159
150060
150059
149975
149973
149972
149970
149969
149967
149966
149960
149931
149930
149929
149927
149890
149884
149883
149881
149880
149851
149850
149815
149790
149789
149787
149786
149785
149781
149776
149775
149774
149773
149772
149771
149770
149769
149767
149764
149763
149761
149757
149749
149748
149746
149740
149736
149735
149734
149732
149727
149726
149725
149723
149722
149718
149717
149716
149712
149688
149687
149686
149685
149683
149682
149681
149680
149678
149677
149676
149675
149674
149671
149670
149669
149665
149664
149663
149660
149657
149656
149647
149646
149643
149608
149604
149602
149601
149600
149599
149598
149597
149596
149595
149594
149593
149592
149591
149590
149588
149587
149586
149585
149584
149582
149581
149549
149548
149547
149546
149545
149544
149543
149542
149541
149540
149536
149534
149533
149532
149531
149530
149529
149527
149499
149498
149497
149496
149493
149492
149491
149490
149489
149488
149487
149486
149484
149473
149472
149469
149466
149462
149461
149460
149459
149456
149453
149452
149451
149449
149448
149445
149442
149441
149440
149438
149437
149436
149434
149432
149396
149395
# 149392 # no GRP/CTP/Config
149391
149390
149389
149388
149387
149386
149385
149384
149383
149382
149380
149379
149376
149375
149368
149367
149366
149363
149358
149134
149133
149130
149129
149127
149126
149125
149123
149122
149121
149120
149118
149115
149114
149113
149105
149103
149102
149101
149100
149074
149073
149072
149071
149070
149069
149068
149063
148936
148931
148861
148857
148856
148854
148853
148852
148851
148850
148849
148847
148846
148845
148844
148843
148840
148839
148838
148835
148834
148800
148799
148798
148797
148796
148792
148791
148790
148719
148717
148716
148712
148711
148708
148704
148702
148698
148697
148695
148694
148665
148664
148663
148662
148659
148652
148651
148648
148647
148646
148645
148644
148643
148642
148641
148640
148638
148637
148634
148633
148632
148631
148630
148628
148627
148626
148625
148624
148603
148601
148598
148597
148596
148595
148594
148593
148592
148591
148587
148586
148585
148583
148582
148579
148578
148577
148576
148573
148569
148568
148566
148565
148559
148558
148557
148556
148553
148552
148549
148548
148547
148546
148544
148541
148538
148534
148531
148527
148525
148374
146860
146859
146858
146857
146856
146825
146824
146821
146817
146815
146814
146813
146812
146808
146807
146806
146805
146804
146803
146802
146801
146748
146747
146746
146711
146689
146688
146687
146686
146665
146661
146660
146659
146617
146616
146614
146613
146611
146610
146609
146603
146602
146600
146599
146597
146536
146535
146518
146517
146516
146515
146511
146508
146507
146506
146505
146504
146503
146502
146501
146500
146460
146459
146454
146453
146447
146446
146402
146401
146400
146397
146396
146395
146394
146393
146391
146390
146389
146388
146387
146386
146385
146384
146383
146382
146381
146380
146379
146377
146376
146375
146374
146371
146369
146368
146366
146364
146362
146292
146291
146287
146282
146279
146278
146277
146276
146275
146273
146272
146271
146270
146223
146221
146220
146217
146208
146205
146158
146156
146153
146152
146148
146147
146146
146144
146142
146141
146105
146102
146100
146099
146097
146092
146090
146089
146087
146086
146085
146084
146083
146082
146080
146079
146077
146072
146071
146068
146067
146066
146063
146027
146026
146025
146024
146023
146021
146020
146018
146017
145975
145974
145973
145972
145967
145960
145957
145956
145955
145954
145953
145782
145781
145780
145683
145682
145681
145680
145679
145674
145672
# 145671 # no GRP/CTP/Config
145670
145669
# 145666 # no GRP/CTP/Config
145663
145658
145657
# 145656 # no GRP/CTP/Config
145655
145654
145653
145555
145456
145455
145454
145453
145448
145447
145385
145384
145383
145379
145378
145355
145354
145353
145314
145311
145309
145300
145299
145294
145292
145291
145290
145289
145288
145182
145180
145157
145156
145145
145144
145075
145074
145071
145069
145008
145007
145006
144998
144994
144992
144991
144871
144774
144772
144609
144514
144513
144512
144117
143872
143868
143856
143854
143847
143828
143824
143439
143436
143419
143416
143399
143397
143387
143365
143330
143256
143251
143241
143237
143236
143224
143214
143209
143202
143155
143154
143117
143116
143073
143022
143009
143008
143002
143001
142999
142998
142997
142904
142896
142881
142859
142729
142719
142649
142648
142627
142619
142578
142566
142533
142527
142524
142522
142509
142508
142497
142493
142413
142368
142366
142358
142352
142347
142346
142344
142335
142317
142314
142312
142309
142306
142305
142292
142284
142267
142252
142238
142204
142196
142170
142133
142124
142117
142108
142105
142089
142078
142075
142006
142002
141936
141934
141877
141839
141821
141805
141795
141794
141745
141592
