193766
193760
193759
193758
193757
193752
193751
193750
193747
193740
193739
193738
193736
193735
193734
193733
193703
193702
193701
193700
193699
193698
193696
193693
193341
193339
193301
193297
193295
193279
193276
193274
193270
193246
193243
193240
193236
193194
193193
193192
193189
193188
193187
193185
193184
193182
193179
193156
193155
193153
193152
193151
193150
193148
193147
193144
193141
193097
193094
193093
193092
193084
193079
193052
193051
193049
193048
193047
193046
193044
193014
193011
193010
193008
193000
192999
192997
192996
192824
192822
192820
192816
192813
192811
192808
192806
192799
192796
192779
192778
192775
192772
192765
192762
192750
192749
192747
192745
192732
192731
192729
192727
192724
192712
192711
192710
192709
192708
192707
192696
192695
192688
192676
192675
192658
192648
192646
192645
192633
192610
192602
192601
192585
192554
192552
192551
192548
192542
192537
192535
192534
192533
192531
192511
192510
192505
192504
192499
192497
192492
192471
192468
192461
192453
192451
192447
192445
192417
192416
192415
192414
192349
192348
192347
192345
192344
192342
192264
192259
192258
192246
192244
192242
192205
192202
192201
192200
192199
192197
192196
192194
192193
192192
192190
192177
192176
192174
192172
192171
192166
192141
192140
192136
192133
192128
192125
192121
192120
192119
192117
192115
192095
192079
192075
192073
192072
192067
192066
192040
192038
192031
192029
192004
192003
192000
191996
191976
191975
191910
191901
191899
191880
191853
191851
191849
191848
191846
191752
191751
191745
191719
191718
191717
191715
191714
191709
191599
191593
191592
191591
191590
191587
191585
191578
191576
191554
191551
191549
191548
191547
191539
191527
191524
191523
191521
191485
191451
191450
191449
191448
191447
191445
191443
191388
191383
191381
191380
191376
191344
191343
191340
191337
191329
191309
191307
191275
191274
191248
191247
191245
191244
191242
191241
191240
191239
191234
191232
191231
191230
191229
191227
191226
191225
191224
191222
191217
191173
191163
191159
191129
191128
191121
191114
191110
191105
191083
191081
191079
191032
191031
191022
190984
190983
190981
190979
190975
190974
190973
190972
190970
190969
190968
190967
190966
190965
190960
190905
190904
190903
190902
190898
190897
190895
190894
190879
190870
190867
190866
190864
190848
190844
190822
190821
190819
190818
190815
190714
190712
190685
190683
190585
190581
190578
190561
190541
190540
190535
190521
190517
190495
190493
190453
190451
190449
190448
190445
190425
190424
190422
190421
190419
190418
190417
190416
190414
190413
190407
190393
190392
190390
190389
190388
190387
190386
190384
190380
190379
190374
190354
190345
190344
190342
190341
190340
190338
190337
190336
190335
190330
190325
190324
190307
190304
190303
190302
190301
190300
190299
190296
190265
190244
190242
190240
190239
190237
190235
190216
190215
190214
190213
190212
190210
190209
190206
190150
190147
190142
190141
190139
190138
190136
190119
190118
190117
190116
190115
190113
190112
190110
190057
190055
190050
189931
189929
189901
189900
189885
189884
189883
189879
189737
189736
189735
189734
189729
189728
189725
189699
189698
189697
189696
189695
189694
189693
189687
189685
189659
189658
189656
189654
189650
189648
189647
189642
189641
189623
189621
189616
189615
189612
189611
189610
189608
189607
189606
189605
189603
189602
189601
189596
189578
189577
189576
189573
189542
189539
189526
189525
189523
189522
189518
189474
189473
189470
189455
189452
189412
189411
189410
189409
189407
189406
189405
189404
189403
189402
189400
189399
189397
189396
189395
189353
189352
189351
189350
189347
189344
189341
189340
189316
189315
189310
189306
189301
189246
189231
189229
189228
189227
189187
189183
189182
189147
189146
189122
189107
189005
188503
188500
188499
188490
188488
188455
188454
188449
188448
188447
188446
188444
188443
188442
188440
188438
188366
188365
188364
188363
188362
188359
188358
188357
188356
188355
188285
188240
188237
188233
188232
188231
188230
188123
188108
188104
188102
188101
188093
188088
188071
188029
188028
188027
188025
188022
188021
188018
187990
187989
187988
187986
187949
187946
187944
187943
187942
187938
187934
187929
187925
187919
187914
187913
187912
187908
187875
187849
187848
187844
187843
187820
187802
187800
187799
187797
187796
187795
187794
187793
187792
187791
187790
187789
187788
187787
187786
187785
187783
187780
187753
187749
187744
187739
187736
187698
187697
187695
187691
187656
187654
187634
187633
187627
187624
187623
187618
187616
187599
187591
187590
187587
187562
187561
187560
187556
187552
187550
187537
187536
187535
187534
187531
187525
187524
187510
187508
187505
187489
187488
187487
187486
187485
187482
187439
187435
187434
187432
187426
187364
187359
187357
187343
187342
187341
187340
187339
187338
187335
187203
187202
187201
187198
187193
187152
187151
187150
187149
187148
187147
187146
187145
187143
187136
187133
187117
187116
187084
187081
187064
187047
187046
186994
186992
186990
186989
186987
186981
186980
186969
186968
186967
186966
186965
186962
186939
186938
186937
186931
186930
186928
186926
186925
186924
186923
186922
186859
186857
186855
186853
186851
186845
186844
186843
186838
186834
186816
186815
186814
186813
186811
186810
186809
186808
186807
186805
186802
186800
186727
186726
186694
186693
186692
186690
186689
186688
186687
186668
186602
186601
186600
186598
186589
186514
186511
186510
186509
186508
186507
186503
186460
186459
186457
186456
186453
186448
186432
186429
186428
186425
186405
186389
186388
186387
186386
186385
186383
186365
186320
186319
186318
186316
186264
186261
186260
186259
186257
186232
186225
186224
186192
186167
186165
186164
186163
186162
186159
186133
186084
186083
186082
186079
186078
186073
186066
186063
186062
186039
186038
186036
186011
186009
186007
186006
186003
186000
185998
185995
185994
185993
185992
185991
185990
185989
185988
185934
185919
185918
185916
185915
185912
185909
185784
185778
185776
185775
185768
185765
185764
185757
185756
185738
185737
185735
185734
185731
185701
185700
185699
185698
185697
185695
185692
185690
185689
185688
185687
185680
185677
185659
185658
185652
185647
185635
185634
185633
185631
185589
185588
185585
185583
185582
185581
185580
185578
185575
185574
185569
185567
185565
185563
185562
185560
185559
185475
185474
185472
185467
185465
185461
185460
185459
185457
185456
185378
185375
185371
185368
185363
185362
185361
185360
185359
185356
185351
185350
185349
185348
185347
185345
185341
185303
185302
185300
185299
185296
185293
185292
185291
185290
185289
185288
185284
185282
185281
185221
185217
185214
185213
185210
185208
185206
185204
185203
185198
185196
185193
185190
185189
185186
185164
185163
185160
185159
185157
185148
185134
185133
185132
185131
185127
185126
185125
185116
185115
185114
185031
185029
185027
185024
184990
184988
184987
184968
184967
184964
184938
184933
184932
184930
184928
184918
184914
184910
184890
184889
184886
184885
184882
184880
184878
184846
184845
184843
184842
184835
184786
184784
184780
184762
184719
184716
184709
184687
184682
184678
184673
184671
184670
184664
184663
184645
184481
184443
184389
184383
184374
184371
184370
184216
184215
184210
184209
184208
184206
184190
184188
184183
184147
184146
184145
184144
184140
184138
184137
184135
184134
184132
184131
184127
184126
184000
183946
183942
183938
183937
183936
183935
183934
183933
183932
183916
183913
182750
182749
182744
182741
182740
182730
182729
182728
182727
182726
182725
182724
182721
182717
182712
182692
182691
182687
182686
182685
182684
182681
182643
182641
182640
182639
182638
182635
182624
182612
182610
182609
182539
182513
182509
182508
182504
182502
182499
182479
182477
182475
182471
182470
182452
182451
182449
182410
182408
182405
182403
182325
182324
182323
182322
182320
182316
182302
182300
182299
182297
182295
182289
182266
182207
182200
182198
182195
182111
182110
182109
182108
182107
182106
182105
182103
182102
182101
182100
182094
182023
182022
182021
182020
182018
182017
182003
181984
181983
181956
181954
181705
181704
181703
181702
181701
181698
181697
181696
181694
181663
181652
181631
181625
181620
181619
181618
181617
181609
181608
181580
181576
181558
181546
181541
181367
181360
181344
181339
181328
181046
181040
181026
180992
180991
180988
180987
180986
180985
180984
180983
180981
180980
180979
180961
180935
180934
180933
180926
180913
180720
180719
180717
180716
180715
180704
180692
180644
180643
180639
180638
180612
180569
180567
180566
180564
180562
180561
180559
180553
180552
180548
180517
180515
180512
180510
180509
180507
180501
180500
180498
180246
180244
180243
180230
180225
180224
180201
180200
180199
180195
180190
180189
180188
180177
180176
180164
180158
180153
180133
180132
180131
180130
180129
180127
180125
180121
180120
180118
180116
180110
180109
180046
180044
180042
180039
180038
180037
180000
179960
179951
179950
179948
179946
179944
179943
179941
179920
179919
179918
179917
179916
179859
179858
179837
179807
179806
179803
179802
179796
179794
179766
179758
179747
179746
179743
179742
179741
179740
179736
179734
179731
179730
179729
179725
179723
179717
179716
179713
179712
179687
179685
179684
179678
179658
179639
179638
179621
179618
179617
179608
179604
179603
179595
179299
179294
179281
179280
179278
179276
179275
179218
179216
179214
179211
179210
179116
179114
179096
179090
179089
179086
179083
179080
179070
178377
178220
178219
178218
178217
178216
178215
178209
178208
178207
178205
178204
178167
178166
178165
178163
178161
178160
178144
178062
178060
178058
178056
178055
178053
178052
178031
178030
178029
178028
178026
178025
178024
178023
178021
178018
178017
177990
177942
177938
177934
177932
177931
177929
177928
177927
177926
177925
177902
177869
177868
177866
177864
177861
177860
177859
177858
177857
177854
177849
177848
177847
177846
177845
177844
177810
177805
177804
177803
177802
177799
177798
177796
177792
177791
177790
177789
177788
177787
177786
177682
177681
177680
177679
177678
177671
177670
177669
177668
177666
177624
177622
177620
177619
177617
177616
177614
177612
177611
177610
177608
177607
177605
177604
177603
177602
177601
177600
177599
177598
177597
177594
177592
177589
177580
177506
177503
177502
177501
177499
177497
177496
177495
177494
177492
177489
177488
177486
177484
177483
177482
177481
177480
177479
177478
177477
177476
177473
177446
177445
177444
177422
177421
177415
177413
177412
177410
177409
177408
177407
177406
177405
177402
177401
177400
177399
177398
177395
177394
177391
177384
177381
177296
177295
177292
177249
177241
177233
177232
177230
177224
177223
177217
177213
177212
177182
177180
177175
177174
177173
177171
177169
177167
177165
177163
177160
177159
177157
177155
177153
177150
177149
177148
177147
177146
177145
177143
177142
177118
177074
177073
177072
177049
177048
177041
177040
177039
177011
176929
176927
176926
176924
176859
176854
176849
176840
176753
176752
176749
176730
176729
176715
176710
176707
176704
176701
176661
176658
176345
176344
176342
176340
176338
176337
176336
176335
176334
176333
176332
176331
176330
176328
176326
176320
176231
176218
174194
174192
174156
174155
174154
173946
173929
173746
173741
173737
173592
173584
173226
173188
173169
173160
173131
173113
173095
173092
173087
173070
173065
173050
173049
173048
173047
172925
172922
172906
172905
172579
172577
172576
172569
172511
172510
172495
172478
172477
172476
172473
172472
