199161
199157
199155
199152
197692
197691
197669
197643
197619
197618
197616
197614
197613
197612
197611
197610
197609
197608
197606
197584
197583
197580
197555
197553
197531
197530
197529
197527
197501
197500
197499
197498
197497
197496
197471
197470
197469
197405
197402
197388
197387
197386
197351
197350
197349
197348
197346
197343
197342
197341
197302
197300
197299
197298
197297
197296
197260
197258
197256
197255
197254
197248
197247
197198
197189
197186
197185
197184
197153
197152
197150
197149
197148
197147
197146
197145
197144
197143
197142
197141
197140
197139
197138
197099
197098
197094
197092
197091
197090
197089
197084
197031
197027
197015
197012
197011
197009
197003
197002
196974
196973
196972
196967
196965
196921
196911
196907
196902
196876
196875
196874
196871
196870
196869
196774
196773
196772
196722
196721
196720
196714
196706
196703
196702
196701
196648
196646
196608
196605
196601
196568
196566
196564
196563
196535
196534
196533
196528
196477
196475
196474
196433
196432
196392
196390
196388
196382
196361
196311
196310
196309
196308
196214
196208
196203
196202
196201
196200
196199
196197
196194
196190
196187
196185
196107
196105
196099
196098
196096
196091
196090
196089
196086
196085
196083
196006
196005
196004
196000
195999
195998
195997
195994
195993
195991
195990
195989
195988
195958
195955
195954
195953
195952
195951
195950
195949
195935
195873
195872
195871
195870
195869
195867
195831
195830
195829
195827
195826
195791
195788
195787
195783
195767
195766
195765
195761
195760
195727
195726
195725
195724
195723
195722
195721
195720
195682
195681
195680
195679
195677
195676
195675
195673
195644
195635
195633
195596
195595
195593
195592
195568
195567
195566
195565
195532
195531
195529
195483
195482
195481
195480
195479
195478
195440
195438
195437
195434
195431
195391
195390
195389
195351
195346
195344
195309
195233
195232
195231
195230
195229
195228
195226
195225
195180
195164
195159
195005
194992
194987
194939
194860
194858
194855
194852
194846
194845
194844
194838
194833
194826
194825
194811
194810
194803
194792
194790
194787
194768
194670
194669
194571
194568
194551
194488
194482
# 194427 # no GRP/CTP/Config
# 194406 # no GRP/CTP/Config

