139517
139514
139513
139511
139510
139507
139505
139504
139503
139471
139470
139469
139467
139466
139465
139441
139440
139439
139438
139437
139360
139329
139328
139324
139320
139318
139316
139314
139313
139311
139310
139309
139308
139306
139305
139173
139172
139107
139105
139104
139042
139038
139037
139036
139034
139031
139030
139029
139028
139025
139024
139018
139017
138983
138982
138980
138979
138978
138977
138976
138973
138972
138965
138964
138963
138924
138872
138871
138870
138869
138838
138837
138836
138831
138830
138828
138826
138824
138797
138796
138795
138742
138740
138737
138736
138732
138731
138730
138666
138662
138653
138652
138638
138637
138635
138624
138621
138620
138583
138582
138579
138578
138577
138534
138533
138469
138442
138439
138438
138396
138364
138359
138275
138268
138266
138265
138225
138201
138200
138197
138196
138192
138190
138154
138153
138151
138150
138126
138125
137848
137847
137844
137843
137752
137751
137748
137724
137722
137718
137704
137693
137692
137691
137689
137686
137685
137639
137638
137637
137609
137608
137595
137594
137549
137546
137545
137544
137543
137542
137541
137540
137539
137538
137535
137534
137533
137532
137531
137530
137443
137441
137440
137439
137436
137435
137434
137433
137432
137431
137430
137429
137428
137370
137368
137366
137365
137236
137235
137232
137231
137230
137229
137228
137227
137165
137163
137162
137161
137137
137136
137135
137133
137132
137125
137124
137045
137042
136879
136854
136851
136833
136831
136377
136376
136375
136374
136373
136372
136290
136288
136199
136194
136193
136192
136191
136190
136189
136188
136187
136186
136185
136184
136183
136181
136180
136179
136177
136136
136133
136131
136130
136129
136128
136125
136124
136123
136122
136121
136118
136117
136116
136115
136114
136113
136108
136107
136106
136105
136104
136103
136102
136101
136100
136099
136092
135986
135985
135984
135983
135982
135981
135979
135976
135974
135971
135969
135967
135966
135965
135964
135963
135958
135957
135956
135955
135954
135953
135951
135950
135949
135947
135943
135941
135902
135901
135900
135898
135897
135896
135892
135809
135808
135795
135792
135788
135784
135782
135780
135776
135773
135771
135765
135763
135762
135761
135758
135757
135756
135753
135751
135748
135717
135712
135711
135710
135709
135708
135707
135705
135704
135701
135700
135699
135696
135695
135687
135686
135680
135674
135671
135670
135660
135659
135658
135657
135656
135654
135031
135030
135029
135028
135025
135024
135023
134931
134930
134929
134928
134927
134926
134925
134924
134922
134921
134920
134919
134916
134914
134913
134912
134911
134910
134909
134908
134907
134905
134844
134843
134841
134840
134839
134781
134780
134779
134778
134692
134691
134690
134686
134685
134683
134682
134681
134679
134674
134672
134671
134667
134666
134665
134662
134660
134657
134497
134489
134306
134305
134304
134303
134302
134301
134299
134298
134297
134255
134204
134203
134202
134201
134200
134199
134198
134105
134094
134093
133985
133982
133981
133979
133972
133969
133966
133965
133924
133923
133920
133800
133762
133761
133680
133675
133674
133673
133672
133671
133670
133563
133419
133418
133417
133415
133414
133330
133329
133328
133327
133282
133281
133280
133226
133225
133224
133222
133111
133107
133020
133018
133017
133016
133010
133009
133007
133006
133005
133004
130850
130848
130847
130844
130842
130840
130834
130833
130831
130804
130803
130802
130799
130798
130795
130793
130704
130696
130694
130640
130639
130637
130628
130627
130623
130621
130620
130619
130616
130613
130612
130609
130608
130601
130600
130529
130526
130525
130524
130520
130519
130517
130481
130480
130479
130375
130369
130368
130367
130365
130360
130358
130356
130354
130353
130348
130347
130344
130343
130342
130179
130178
130172
130170
130168
130158
130157
130156
130151
130149
130148
129983
129966
129964
129963
129962
129961
129960
129959
129958
129957
129763
129762
129760
129750
129748
129747
129745
129744
129743
129742
129739
129738
129736
129735
129734
129731
129729
129727
129726
129725
129724
129723
129667
129666
129665
129664
129659
129655
129654
129653
129652
129651
129650
129649
129648
129647
129641
129639
129599
129598
129597
129596
129593
129592
129591
129590
129589
129587
129586
129541
129540
129539
129536
129529
129528
129527
129526
129525
129524
129523
129522
129521
129520
129519
129518
129516
129515
129514
129513
129512
129511
129510
129508
129506
129505
129377
129042
129041
128913
128912
128911
128910
128855
128853
128850
128849
128843
128836
128835
128834
128833
128824
128823
128820
128819
128818
128817
128815
128813
128778
128777
128776
128678
128677
128621
128615
128611
128609
128605
128604
128602
128601
128596
128594
128593
128592
128591
128590
128589
128588
128587
128586
128585
128584
128583
128582
128581
128507
128506
128505
128504
128503
128498
128495
128494
128486
128483
128476
128475
128474
128473
128472
128471
128470
128469
128468
128463
128459
128458
128457
128456
128455
128454
128453
128452
128451
128450
128373
128372
128371
128369
128367
128366
128365
128364
128363
128361
128359
128358
128357
128356
128355
128354
128263
128262
128260
128259
128257
128256
128192
128191
128190
128189
128188
128186
128185
128183
128182
128180
128175
128053
128052
128050
128049
127942
127941
127940
127937
127936
127935
127933
127932
127931
127930
127822
127820
127819
127817
127815
127814
127813
127730
127729
127724
127723
127721
127720
127719
127718
127715
127714
127712
127138
127133
127129
127123
127120
127119
127115
127112
127109
127107
127105
127102
126437
126432
126425
126424
126422
126421
126420
126419
126416
126411
126410
126409
126408
126407
126406
126405
126404
126403
126359
126352
126351
126350
126349
126285
126284
126283
126177
126175
126174
126173
126172
126171
126170
126169
126168
126167
126162
126160
126158
126097
126090
126088
126087
126086
126082
126081
126079
126078
126075
126074
126073
126072
126009
126008
126007
126004
126003
126002
126000
125999
125998
125997
125996
125995
125994
125993
125992
125991
125990
125988
125987
125986
125985
125984
125983
125982
125981
125978
125976
125975
125970
125969
125966
125965
125964
125963
125962
125961
125960
125959
125958
125957
125956
125955
125954
125953
125952
125951
125950
125949
125948
125947
125946
125945
125944
125943
125942
125941
125940
125855
125851
125850
125849
125848
125847
125844
125843
125842
125841
125634
125633
125632
125630
125629
125628
125296
125295
125292
125186
125156
125140
125139
125134
125133
125131
125101
125100
125097
125085
125083
125078
125077
125076
125023
125022
124886
124850
124751
124750
124746
124745
124744
124743
124742
124739
124738
124714
124713
124712
124711
124702
124693
124608
124607
124606
124605
124604
124603
124602
124600
124456
124454
124400
124388
124387
124386
124385
124384
124383
124382
124381
124380
124378
124374
124371
124367
124364
124363
124362
124360
124359
124358
124355
124353
124352
124351
124191
124187
124186
124185
124183
123864
123861
123854
123846
123844
123537
123536
122375
122374
122373
122372
122217
122207
122195
121720
121694
121692
121183
121182
121180
121040
121039
120967
120829
120828
120825
120824
120823
120822
120821
120820
120819
120818
120758
120750
120746
120744
120743
120742
120741
120694
120693
120692
120691
120689
120688
120687
120686
120685
120683
120682
120681
120679
120678
120677
120675
120673
120672
120671
120670
120658
120625
120624
120623
120622
120619
120618
120617
120616
120615
120614
120613
120612
120611
120505
120504
120503
120500
120499
120498
120497
120496
120495
120494
120493
120492
120491
120490
120489
120488
120487
120486
120485
120484
120483
120482
120481
120480
120479
120476
120281
120275
120244
120243
120242
120241
120154
120079
120078
120076
120075
120073
120072
120071
120069
120068
120067
120066
120065
120064
120004
120003
120002
120001
120000
119999
119998
119997
119996
119995
119994
119991
119987
119980
119979
119978
119973
119971
119970
119969
119967
119965
119963
119961
119959
119958
119955
119954
119952
119948
119946
119941
119935
119934
119932
119926
119924
119923
119917
119915
119913
119909
119907
119904
119903
119865
119862
119861
119859
119856
119854
119853
119849
119846
119845
119844
119843
119842
119841
119840
119838
119837
119617
119278
119164
119163
119162
119161
119160
119159
119158
119156
119086
119085
119084
119079
119077
119076
119075
119069
119068
119067
119061
119057
119055
119054
119047
119045
119043
119042
119041
119040
119039
119038
119037
119033
119031
119030
119026
119022
118955
118954
118953
118952
118903
118742
118578
118577
118575
118561
118560
118559
118558
118557
118556
118518
118512
118507
118506
118504
118503
118502
118488
118390
118359
118285
118284
118104
118102
118101
117786
117782
117777
117223
117222
117221
117220
117216
117121
117120
117119
117118
117117
117116
117114
117113
117112
117110
117109
117100
117099
117098
117092
117086
117082
117078
117077
117065
117064
117063
117061
117060
117059
117054
117053
117052
117051
117050
117049
117048
117047
117046
117045
117044
117043
117042
117041
117039
117035
117034
117033
117032
117030
117029
117014
117013
117012
116981
116980
116979
116977
116948
116947
116787
116724
116723
116684
116682
116681
116680
116670
116645
116644
116643
116642
116640
116611
116610
116609
116574
116573
116572
116571
116563
116562
116561
116559
116432
116431
116430
116429
116408
116403
116402
116401
116400
116399
116374
116373
116372
116360
116359
116358
116288
116287
116286
116267
116227
116224
116204
116203
116198
116197
116196
116195
116194
116186
116181
116177
116176
116172
116134
116130
116123
116118
116111
116106
116103
116102
116081
116079
116032
116029
116028
116027
116007
116000
115997
115991
115990
115989
115987
115985
115984
115976
115975
115933
115931
115926
115900
115892
115890
115889
115888
115887
115882
115881
115880
115821
115814
115812
115803
115802
115801
115747
115740
115739
115738
115734
115723
115722
115719
115702
115696
115693
115690
115689
115688
115683
115681
115679
115678
115673
115670
115668
115665
115664
115661
115649
115647
115645
115644
115523
115521
115516
115515
115514
115512
115511
115460
115451
115414
115413
115406
115401
115399
115393
115370
115369
115345
115343
115338
115335
115328
115327
115325
115322
115318
115315
115314
115313
115312
115310
115237
115193
115186
115173
115165
115135
115125
115119
115084
115074
115056
115055
115051
115050
115049
115048
115041
114931
114930
114924
114920
114919
114918
114917
114916
114859
114798
114786
114785
114783
114778
114757
114753
114751
114750
114747
114746
114745
114744
114743
114740
114737
114615
114597
114463
114458
114457
114454
114453
114451
114449
114445
114443
114434
114429
114418
114410
114400
114378
114374
114373
114298
114294
114252
114234
114201
114136
114134
114133
114130
114128
114127
114126
114124
114121
114118
114117
114115
114114
114107
114105
114102
114098
114093
114090
114085
114078
114077
114076
114026
114024
114023
114022
114019
114009
113999
113994
113993
113980
113941
113938
113935
113932
113921
113904
113901
113890
113889
113882
113872
113871
113865
113863
113858
113855
113852
113851
113850
113848
113832
113827
113826
113825
113823
113805
113804
113782
113780
113779
113773
113770
113756
113755
113754
113753
113730
113729
113728
113713
113711
113699
113690
113689
113687
113677
113671
113636
113634
113617
113606
113603
113602
113573
113566
113562
113534
113533
113532
113403
113402
113401
113399
113388
113361
113359
113354
113353
113330
113299
113297
113255
113240
113239
113238
113217
113215
113214
113100
113094
113081
113070
113069
113065
113046
113007
112993
112990
112981
112980
112979
112975
112972
112951
112947
112933
112931
112926
112922
112920
112914
112913
112772
112771
112752
112748
112745
112744
112741
112737
112733
112728
112722
112721
112720
112706
112704
112701
112694
112685
112681
112674
112673
112669
112667
112663
112655
112653
112636
112635
112628
112627
112624
112623
112621
112619
112618
112617
112616
112578
112576
112558
112544
112526
112521
112518
112517
112514
112510
112505
112504
112503
112495
112491
112470
112469
112468
112467
112461
112460
112454
112451
112449
112442
112441
112434
112402
112401
112398
112395
112339
112338
112337
112312
112310
112286
112285
112283
112250
112249
112248
112196
112177
112159
112149
112142
112137
112133
112104
112100
112098
112097
111828
111825
111824
111820
111809
111792
111734
111705
111703
111690
111689
111688
111686
111637
111632
111627
111620
111619
111615
111614
111613
111611
111606
111602
111592
111588
111548
111541
111504
111502
111456
111452
111451
111446
111443
111442
111433
111429
111405
111403
111374
111373
111372
111365
111359
111356
111353
111346
111323
111303
111299
111298
111295
111294
111292
111194
111182
111172
111168
111166
111163
111115
111114
111113
111107
111102
111101
111094
111087
111086
110996
110995
110994
110990
110989
110988
110987
110985
110983
110974
110966
110959
110958
110953
110952
110951
110950
110949
110947
110946
110944
110942
110940
110938
110937
110935
110933
110930
110921
110904
110901
110899
110897
110896
110894
110893
110886
110868
110866
110865
110859
110858
110857
110855
110853
110832
110831
110822
110821
110810
110809
110806
110803
110800
110799
110798
110796
110743
110731
110715
110710
110707
110706
110705
110702
110698
110695
110694
110688
110684
110678
110677
110651
110647
110641
110640
110637
110636
110635
110634
110628
110624
110621
110620
110616
110611
110610
110602
110601
110600
110598
110597
110584
110581
110580
110569
110567
110565
110564
110563
110560
110520
110519
110518
110510
110509
110499
110483
110480
110475
110470
110390
110386
110385
110384
110382
110381
110378
110377
110369
110366
110361
110360
110348
110325
110301
110280
110226
110207
110204
110183
110179
110153
110150
110148
110147
110112
110072
110057
110053
110039
110036
110033
110027
109990
109967
109943
109942
109937
109934
109927
109926
109918
109917
109912
109755
109754
109752
109751
109750
109747
109746
109744
109741
109737
109733
109731
109730
109725
109722
109720
109713
109710
109703
109702
109695
109692
109690
109688
109678
109671
109670
109652
109634
109580
109577
109576
109575
109559
109547
109545
109539
109538
109537
109536
109535
109529
109527
109489
109478
109477
109468
109458
109452
109432
109430
109428
109427
109425
109424
109421
109418
109417
109416
109415
109413
109397
109380
109379
109376
109364
109353
109351
109350
109348
109330
109326
109322
109319
109288
109287
109286
109261
109259
109255
109252
109242
109238
109237
109227
109223
109179
109178
109170
109136
109106
109099
109096
109088
109086
109079
109059
109051
109034
109032
109014
109006
108995
108926
108925
108917
108916
108903
108883
108820
108811
108789
108746
108745
108744
108743
108741
108730
108684
108682
108681
108678
108591
108582
108538
108537
108536
108533
108532
108529
108528
108414
108409
108404
108403
108402
108401
108375
108352
108351
108350
108345
108292
108269
108252
108251
108250
108245
108243
108242
108241
108239
108238
108237
108230
108229
108228
108227
108208
108207
108206
108205
108203
108201
108200
108192
108141
108140
108132
108131
108130
108126
108125
108124
108122
108121
108120
108115
108112
108110
108107
108103
108099
108095
108094
108087
108086
108085
108084
108083
108082
108076
108072
108064
108063
108060
108058
108057
108049
108043
108042
108040
108033
107935
107932
107931
107929
107927
107926
107925
107924
107923
107922
107921
107919
107918
107917
107913
107899
107883
107882
107881
107794
107776
107772
107770
107747
107717
107716
107714
107713
107712
107711
107627
107626
107582
107580
107578
107577
107576
107574
107573
107569
107568
107567
107563
107558
107535
107532
107518
107457
107356
107354
107349
107348
107318
107298
107295
107294
107292
107291
107290
107282
107280
107015
107002
107000
106999
106993
106989
106988
106971